Epoch: 148 | Fitness: 0.043478 | Schedule: 
[[ 3  7  0  5]
 [ 3  3  1  3]
 [18 16  2 11]
 [14 14  2 13]
 [18  3  3  7]
 [12 19  6 18]
 [15  5  4 19]
 [ 5  1  4  4]
 [15 19  5  8]
 [ 8  9  6  8]
 [ 3  2  6 16]
 [16 14  7 17]
 [19 11  7 11]
 [ 3  5  1 16]
 [ 1 18  9  8]
 [ 1  1  9 14]]
Epoch: 149 | Fitness: 0.043478 | Schedule: 
[[ 3  7  0  5]
 [ 3  3  1  3]
 [18 16  2 11]
 [14 14  2 13]
 [18  3  3  7]
 [12 19  6 18]
 [15  5  4 19]
 [ 5  1  4  4]
 [15 19  5  8]
 [ 8  9  6  8]
 [ 3  2  6 16]
 [16 14  7 17]
 [19 11  7 11]
 [ 3  5  1 16]
 [ 1 18  9  8]
 [ 1  1  9 14]]
