Epoch: 198 | Fitness: 0.022727 | Schedule: 
[[ 6  7  0  3]
 [ 7  6  1 17]
 [ 5 14  2  6]
 [16 18  2 12]
 [ 9 19  3 18]
 [ 2 14  7 17]
 [ 5 16  4 11]
 [ 0  1  5  4]
 [13  1  5 18]
 [ 3 14  6 13]
 [17 19  6  8]
 [ 2 15  7  4]
 [16 12  7 17]
 [10 13  8  1]
 [ 1  3  9 14]
 [ 6  1  9 14]]
Epoch: 199 | Fitness: 0.022727 | Schedule: 
[[ 6  7  0  3]
 [ 7  6  1 17]
 [ 5 14  2  6]
 [16 18  2 12]
 [ 9 19  3 18]
 [ 2 14  7 17]
 [ 5 16  4 11]
 [ 0  1  5  4]
 [13  1  5 18]
 [ 3 14  6 13]
 [17 19  6  8]
 [ 2 15  7  4]
 [16 12  7 17]
 [10 13  8  1]
 [ 1  3  9 14]
 [ 6  1  9 14]]
