Epoch: 198 | Fitness: 0.043478 | Schedule: 
[[12 16  2 11]
 [ 3  3  1  3]
 [19 14  2  6]
 [16  8  2 11]
 [18  3  3  0]
 [18  6  3 17]
 [ 5  1  4  4]
 [15  2  4  8]
 [18 13  5  9]
 [14  2  6 16]
 [ 3 14  6 13]
 [ 2 15  7  4]
 [16 12  7 17]
 [ 3  5  1 16]
 [ 1 18  9  8]
 [ 1 19  6  8]]
Epoch: 199 | Fitness: 0.043478 | Schedule: 
[[12 16  2 11]
 [ 3  3  1  3]
 [19 14  2  6]
 [16  8  2 11]
 [18  3  3  0]
 [18  6  3 17]
 [ 5  1  4  4]
 [15  2  4  8]
 [18 13  5  9]
 [14  2  6 16]
 [ 3 14  6 13]
 [ 2 15  7  4]
 [16 12  7 17]
 [ 3  5  1 16]
 [ 1 18  9  8]
 [ 1 19  6  8]]
